1, 1, 3, '7150.00'
2, 1, 0, '0.00'
3, 1, 0, '0.00'
4, 1, 0, '0.00'
5, 1, 0, '0.00'
6, 1, 0, '0.00'
1, 2, 3, '7150.00'
2, 2, 0, '0.00'
3, 2, 0, '0.00'
4, 2, 0, '0.00'
5, 2, 0, '0.00'
6, 2, 0, '0.00'
1, 3, 3, '7150.00'
2, 3, 0, '0.00'
3, 3, 0, '0.00'
4, 3, 0, '0.00'
5, 3, 0, '0.00'
6, 3, 0, '0.00'
1, 4, 3, '7150.00'
2, 4, 0, '0.00'
3, 4, 0, '0.00'
4, 4, 0, '0.00'
5, 4, 0, '0.00'
6, 4, 0, '0.00'
1, 5, 3, '7150.00'
2, 5, 0, '0.00'
3, 5, 0, '0.00'
4, 5, 0, '0.00'
5, 5, 0, '0.00'
6, 5, 0, '0.00'
1, 6, 3, '7150.00'
2, 6, 4, '7100.00'
3, 6, 4, '8750.00'
4, 6, 3, '6250.00'
5, 6, 0, '0.00'
6, 6, 0, '0.00'
1, 7, 3, '7150.00'
2, 7, 4, '7100.00'
3, 7, 4, '8750.00'
4, 7, 3, '6250.00'
5, 7, 0, '0.00'
6, 7, 0, '0.00'
1, 8, 3, '7150.00'
2, 8, 4, '7100.00'
3, 8, 4, '8750.00'
4, 8, 3, '6250.00'
5, 8, 0, '0.00'
6, 8, 0, '0.00'
1, 9, 3, '7150.00'
2, 9, 4, '7100.00'
3, 9, 4, '8750.00'
4, 9, 3, '6250.00'
5, 9, 0, '0.00'
6, 9, 0, '0.00'
1, 10, 3, '7150.00'
2, 10, 4, '7100.00'
3, 10, 4, '8750.00'
4, 10, 3, '6250.00'
5, 10, 0, '0.00'
6, 10, 0, '0.00'
1, 11, 3, '7150.00'
2, 11, 4, '7100.00'
3, 11, 4, '8750.00'
4, 11, 3, '6250.00'
5, 11, 8, '14400.00'
6, 11, 0, '0.00'
1, 12, 3, '7150.00'
2, 12, 4, '7100.00'
3, 12, 4, '8750.00'
4, 12, 3, '6250.00'
5, 12, 8, '14400.00'
6, 12, 0, '0.00'
1, 13, 3, '7150.00'
2, 13, 4, '7100.00'
3, 13, 4, '8750.00'
4, 13, 3, '6250.00'
5, 13, 8, '14400.00'
6, 13, 0, '0.00'
1, 14, 3, '7150.00'
2, 14, 4, '7100.00'
3, 14, 4, '8750.00'
4, 14, 3, '6250.00'
5, 14, 8, '14400.00'
6, 14, 0, '0.00'
1, 15, 3, '7150.00'
2, 15, 4, '7100.00'
3, 15, 4, '8750.00'
4, 15, 3, '6250.00'
5, 15, 8, '14400.00'
6, 15, 0, '0.00'
1, 16, 3, '7150.00'
2, 16, 0, '0.00'
3, 16, 4, '8750.00'
4, 16, 6, '12500.00'
5, 16, 20, '36000.00'
6, 16, 0, '0.00'
1, 17, 3, '7150.00'
2, 17, 0, '0.00'
3, 17, 4, '8750.00'
4, 17, 6, '12500.00'
5, 17, 20, '36000.00'
6, 17, 0, '0.00'
1, 18, 3, '7150.00'
2, 18, 0, '0.00'
3, 18, 4, '8750.00'
4, 18, 6, '12500.00'
5, 18, 20, '36000.00'
6, 18, 0, '0.00'
1, 19, 3, '7150.00'
2, 19, 0, '0.00'
3, 19, 4, '8750.00'
4, 19, 6, '12500.00'
5, 19, 20, '36000.00'
6, 19, 0, '0.00'
1, 20, 3, '7150.00'
2, 20, 0, '0.00'
3, 20, 4, '8750.00'
4, 20, 6, '12500.00'
5, 20, 20, '36000.00'
6, 20, 0, '0.00'
1, 21, 3, '7150.00'
2, 21, 0, '0.00'
3, 21, 0, '0.00'
4, 21, 3, '6250.00'
5, 21, 4, '7200.00'
6, 21, 3, '5600.00'
1, 22, 3, '7150.00'
2, 22, 0, '0.00'
3, 22, 0, '0.00'
4, 22, 3, '6250.00'
5, 22, 4, '7200.00'
6, 22, 3, '5600.00'
1, 23, 3, '7150.00'
2, 23, 0, '0.00'
3, 23, 0, '0.00'
4, 23, 3, '6250.00'
5, 23, 4, '7200.00'
6, 23, 3, '5600.00'
1, 24, 3, '7150.00'
2, 24, 0, '0.00'
3, 24, 0, '0.00'
4, 24, 3, '6250.00'
5, 24, 4, '7200.00'
6, 24, 3, '5600.00'
1, 25, 3, '7150.00'
2, 25, 0, '0.00'
3, 25, 0, '0.00'
4, 25, 3, '6250.00'
5, 25, 4, '7200.00'
6, 25, 3, '5600.00'
